[gd_scene load_steps=3 format=2]

[ext_resource path="res://HelloWorld.gd" type="Script" id=1]
[ext_resource path="res://Voronoi.gd" type="Script" id=2]

[node name="Panel" type="Spatial"]

transform = Transform( 0.999862, -0.0136292, 0.00948212, 0.0136446, 0.999906, -0.0015622, -0.00945995, 0.00169139, 0.999954, 0, 0, 0 )
script = ExtResource( 1 )
_sections_unfolded = [ "Transform" ]

[node name="Voronoi" type="Node" parent="." index="0"]

script = ExtResource( 2 )
bottom = 20
right = 20
r = 2

[node name="Camera" type="Camera" parent="." index="1"]

transform = Transform( 0.999964, 0.00295281, 0.00863709, -0.00707154, 0.848916, 0.5285, -0.00577146, -0.528536, 0.848903, 10.4119, 9.32701, 29.5431 )
keep_aspect = 1
cull_mask = 1048575
environment = null
h_offset = 0.0
v_offset = 0.0
doppler_tracking = 0
projection = 0
current = false
fov = 70.0
size = 1.0
near = 0.05
far = 100.0
_sections_unfolded = [ "Transform" ]

[node name="DirectionalLight" type="DirectionalLight" parent="." index="2"]

transform = Transform( -0.0914931, -0.478639, -0.873234, -0.0167951, -0.876045, 0.48194, -0.995665, 0.0587602, 0.0721133, 0.224172, 16.4278, -0.0256664 )
layers = 1
light_color = Color( 1, 1, 1, 1 )
light_energy = 2.0
light_indirect_energy = 1.0
light_negative = false
light_specular = 0.8
light_bake_mode = 1
light_cull_mask = -1
shadow_enabled = false
shadow_color = Color( 0, 0, 0, 1 )
shadow_bias = 0.1
shadow_contact = 0.0
shadow_reverse_cull_face = false
editor_only = false
directional_shadow_mode = 2
directional_shadow_split_1 = 0.1
directional_shadow_split_2 = 0.2
directional_shadow_split_3 = 0.5
directional_shadow_blend_splits = false
directional_shadow_normal_bias = 0.8
directional_shadow_bias_split_scale = 0.25
directional_shadow_depth_range = 0
directional_shadow_max_distance = 200.0
_sections_unfolded = [ "Light" ]


